0	90	40	99999	99999	99999	99999
90	0	60	99999	60	99999	99999
40	60	0	47	34	99999	99999
99999	99999	47 	0 	52 	34 	99999
99999	60 	34  	52 	0 	99999 	37
99999	99999 	99999	34 	99999 	0 	89
99999	99999	99999	99999	37 	89 	0