0	37	99999	99999	99999	99999	89
37	0	60	99999	34	52	99999
99999	60	0	90	60	99999	99999
99999	99999	90 	0 	40	99999 	99999
99999	34	60  	40	0 	47 	99999
99999	52 	99999	99999	47 	0 	34
89	99999	99999	99999	99999	34	0